0.0392156862745098
0.08571428571428572
0.0967741935483871
0.10714285714285714
0.13953488372093023
0.16216216216216217
0.16666666666666666
0.2
0.23076923076923078
0.24
0.24
0.3333333333333333
0.3333333333333333
0.35294117647058826
0.375
0.4
0.42857142857142855
0.46153846153846156
0.46153846153846156
0.46153846153846156
0.46153846153846156
0.5
0.5
0.5
0.5454545454545454
0.5454545454545454
0.5454545454545454
0.5454545454545454
0.5454545454545454
0.6
0.6
0.6
0.6
0.6
0.6
0.6
0.6
0.6666666666666666
0.6666666666666666
0.6666666666666666
0.6666666666666666
0.6666666666666666
0.6666666666666666
0.75
0.75
